0.22560741
0.3150104
1.0
0.7790922
0.28148562
0.17284922
0.12522544
0.09842005
0.081140764
0.069048114
0.060074944
0.053169385
0.047656097
0.043153416
0.03940372
0.036229722
0.03350639
0.031143462
0.029071694
0.027240956
0.025605291
0.02414834
0.02283039
0.02163525
0.020546837
0.019551484
0.018632706
0.017790306
0.017015759
0.016293386
0.015617293
0.014995143
0.014409856
0.013861453
0.01334343
0.012862653
0.012404353
0.011976203
0.011569271
0.0111840395
0.010818718
0.0104718795
0.010141287
0.009828355
0.009528942
0.00924395
0.008971387
0.008706361
0.008461718
0.008219893
0.007992519
0.007774467
0.0075636436
0.007361169
0.0071660895
0.006976612
0.0067979596
0.006623022
0.0064562797
0.006294293
0.0061359415
0.005986926
0.005841001
0.0056930594
0.0055633257
0.005430559
0.005303108
0.0051791067
0.005058897
0.004942308
0.004829209
0.0047192937
0.0046110805
0.004509322
0.0044069635
0.0043103606
0.0042148493
0.004121707
0.0040333755
0.0039441334
0.0038605307
0.0037774811
0.0036965667
0.0036177202
0.0035408721
0.0034659498
0.0033928598
0.003321583
0.0032509682
0.0031841232
0.0031178521
0.0030531334
0.0029898677
0.0029253627
0.0028678682
0.0028078533
0.002751274
0.0026949327
0.0026398357
0.0025849366
0.002533264
0.0024816883
0.002429883
0.0023817827
0.0023334569
0.0022854023
0.002239071
0.0021944072
0.002148784
0.0021065136
0.002061981
0.0020224247
0.0019814747
0.0019398734
0.0019012386
0.0018617673
0.0018254685
0.0017873606
0.0017496529
0.0017157061
0.0016790408
0.0016451515
0.0016115211
0.0015787057
0.0015470154
0.0015146674
0.0014832665
0.0014456211
0.0014231257
0.0013921611
0.0013645414
0.001336027
0.0013080457
0.0012799931
0.0012535668
0.0012260447
0.0012010129
0.0011754525
0.0011486415
0.0011256681
0.0011007307
0.0010775913
0.0010538262
0.001030154
0.0010076683
9.863925E-4
9.6459955E-4
9.4303244E-4
9.2116464E-4
9.014308E-4
8.7992515E-4
8.611181E-4
8.412479E-4
8.204003E-4
7.99858E-4
7.84582E-4
7.653153E-4
7.482414E-4
7.3056953E-4
7.1317755E-4
6.96086E-4
6.792817E-4
6.627661E-4
6.454614E-4
6.300494E-4
6.150741E-4
5.99633E-4
5.8057025E-4
5.696089E-4
5.5414456E-4
5.4099236E-4
5.2622205E-4
5.130035E-4
4.9912167E-4
4.857841E-4
4.7239885E-4
4.592022E-4
4.4453875E-4
4.3371273E-4
4.2246858E-4
4.0797974E-4
3.986973E-4
3.8716223E-4
3.7583342E-4
3.6469195E-4
3.5377537E-4
3.4135018E-4
3.325293E-4
3.2166796E-4
3.1209918E-4
3.0216554E-4
2.9244606E-4
2.8256341E-4
2.727148E-4
2.6420548E-4
2.5461704E-4
2.4553825E-4
2.3725806E-4
2.2952378E-4
2.2126125E-4
2.1318634E-4
2.0444785E-4
1.9709635E-4
1.8909239E-4
1.8156176E-4
1.7015451E-4
1.6813268E-4
1.6109305E-4
1.486064E-4
1.4745149E-4
1.4143143E-4
1.3502956E-4
1.2901932E-4
1.2305124E-4
1.159678E-4
1.1155213E-4
1.0596292E-4
1.0065876E-4
9.274632E-5
9.0367525E-5
8.464952E-5
8.068856E-5
7.581492E-5
7.1011884E-5
6.596498E-5
6.2473446E-5
6.0736664E-5
5.4516877E-5
5.069975E-5
4.660411E-5
4.4039636E-5
4.3105378E-5
3.704152E-5
3.4842185E-5
3.1628504E-5
2.8531522E-5
2.6224967E-5
2.359152E-5
2.1177742E-5
1.8585484E-5
1.6696371E-5
1.4238138E-5
1.2797522E-5
9.9090985E-6
9.367764E-6
7.870923E-6
6.5483146E-6
5.300565E-6
4.148595E-6
3.1809927E-6
1.9607023E-6
1.6370786E-6
1.0457297E-6
5.8448416E-7
2.4680398E-7
6.309029E-8
0.0
6.309029E-8
2.4680398E-7
5.8448416E-7
6.2403814E-7
1.6370786E-6
2.34284E-6
3.1809927E-6
4.148595E-6
5.300565E-6
6.5483146E-6
7.870923E-6
9.368091E-6
1.0978038E-5
1.231274E-5
1.4682712E-5
1.5942229E-5
1.8262514E-5
2.0755724E-5
2.359152E-5
2.6224967E-5
2.8134673E-5
3.0504645E-5
3.4842513E-5
3.8263443E-5
4.3242348E-5
4.3447308E-5
4.740173E-5
5.1320192E-5
5.5302073E-5
6.1841885E-5
6.293927E-5
6.631705E-5
7.154537E-5
7.598065E-5
8.068856E-5
8.384536E-5
8.969641E-5
9.544744E-5
1.0065876E-4
1.05503634E-4
1.1075255E-4
1.165902E-4
1.2267858E-4
1.2901932E-4
1.3514986E-4
1.4143175E-4
1.4662281E-4
1.5447706E-4
1.6124015E-4
1.6773779E-4
1.7526679E-4
1.8206453E-4
1.8868083E-4
1.9682306E-4
2.046211E-4
2.1318569E-4
2.2126125E-4
2.2546182E-4
2.3797493E-4
2.4620022E-4
2.545726E-4
2.6438036E-4
2.7355916E-4
2.829073E-4
2.9051412E-4
3.0216554E-4
3.120995E-4
3.2221092E-4
3.3252963E-4
3.4306507E-4
3.5331215E-4
3.6469227E-4
3.7562783E-4
3.8662972E-4
3.9869695E-4
4.0961517E-4
4.2135717E-4
4.3332012E-4
4.471101E-4
4.5974483E-4
4.723315E-4
4.857841E-4
4.9912167E-4
5.130035E-4
5.2656396E-4
5.403438E-4
5.5366894E-4
5.6877825E-4
5.8404903E-4
5.99633E-4
6.143654E-4
6.3023245E-4
6.4661074E-4
6.621113E-4
6.783628E-4
6.9608627E-4
7.1317784E-4
7.288622E-4
7.4824103E-4
7.6548854E-4
7.836288E-4
8.032195E-4
8.2218874E-4
8.41479E-4
8.6111773E-4
8.8013633E-4
9.011964E-4
9.220927E-4
9.413859E-4
9.6459955E-4
9.863921E-4
0.0010086398
0.0010312026
0.0010542142
0.0010775913
0.0011003809
0.0011242552
0.0011482054
0.0011747614
0.0012010129
0.0012270551
0.0012501766
0.0012800213
0.0013065692
0.001336027
0.0013644747
0.0013929025
0.0014231263
0.0014532629
0.0014839248
0.0015144974
0.0015460681
0.0015792941
0.001612628
0.0016459939
0.0016806488
0.001714989
0.0017506294
0.0017885019
0.0018250762
0.0018616454
0.0019014517
0.0019387512
0.0019792402
0.002022425
0.002063805
0.0021065136
0.0021480373
0.0021908663
0.002238443
0.0022861038
0.0023321395
0.002381782
0.0024287237
0.0024801649
0.0025331771
0.0025842548
0.0026382436
0.0026949327
0.002750347
0.0028089117
0.0028670256
0.002927158
0.0029897024
0.0030526966
0.0031178521
0.0031841232
0.003252003
0.0033215822
0.0033913085
0.0034633896
0.0035408728
0.0036150122
0.0036958181
0.0037765566
0.0038605302
0.003945781
0.004033374
0.0041226246
0.0042158305
0.0043109325
0.0044087428
0.0045079775
0.004611097
0.0047147297
0.0048273746
0.004942308
0.0050588967
0.0051771863
0.0053023524
0.005429441
0.0055632526
0.0056901085
0.005841001
0.005986926
0.006137944
0.0062923147
0.0064523555
0.006623955
0.0067979596
0.0069785896
0.0071156905
0.0073595536
0.0075636436
0.0077727884
0.007994047
0.008220778
0.008459765
0.008706091
0.008968588
0.009243952
0.00952638
0.009826241
0.010140322
0.010471879
0.010812858
0.0111840395
0.011565934
0.011974229
0.012406553
0.01286265
0.013345729
0.013859049
0.014407877
0.014994795
0.015621488
0.016290426
0.017015759
0.017787104
0.018628765
0.019546412
0.020541715
0.02163064
0.022822892
0.02414467
0.025610141
0.027240956
0.029068999
0.031143464
0.033506386
0.03622972
0.03940372
0.04313732
0.04765167
0.053157356
0.060078856
0.069048114
0.0810871
0.098420046
0.12523064
0.1728374
0.28148565
0.77909225
1.0
0.3150104
