0.2257376
0.31510115
1.0
0.7788912
0.28136668
0.17277165
0.12516662
0.09834791
0.081075326
0.0689893
0.06003435
0.053119328
0.04761012
0.04311039
0.03936355
0.036192045
0.033471085
0.031110039
0.029040167
0.02721087
0.025581773
0.024121346
0.022804692
0.0216107
0.020523429
0.019528897
0.018615542
0.017774314
0.016995942
0.016274288
0.015603169
0.014977441
0.014392824
0.013845021
0.013330868
0.01284738
0.012391788
0.011961875
0.011555437
0.011170582
0.010805712
0.010459251
0.01013003
0.009816459
0.009517742
0.009232748
0.008960546
0.008700423
0.008451414
0.008212967
0.007984349
0.007764974
0.0075543937
0.0073520197
0.0071573933
0.0069700778
0.006789671
0.006615868
0.0064482144
0.0062866146
0.006130451
0.005979619
0.005833858
0.0056928424
0.005556576
0.0054245316
0.005296654
0.0051728035
0.005052669
0.0049362946
0.004823345
0.0047136843
0.0046072328
0.0045038396
0.0044033644
0.004305706
0.0042107045
0.0041183587
0.0040284963
0.0039410144
0.00385586
0.0037728564
0.003692071
0.0036133237
0.0035365708
0.003461713
0.0033887995
0.0033175666
0.003248092
0.0031802831
0.0031141047
0.0030494367
0.002986326
0.002924636
0.0028644048
0.0028055394
0.0027479485
0.0026916945
0.0026366625
0.002582813
0.0025301948
0.0024786768
0.0024282618
0.00237893
0.002330639
0.002283374
0.0022370655
0.0021917303
0.0021473255
0.002103809
0.0020612334
0.002019448
0.0019785191
0.0019384072
0.0018990753
0.0018605329
0.0018227575
0.0017856669
0.0017493053
0.001713658
0.0016786753
0.0016443575
0.0016106922
0.001577689
0.0015452835
0.0015134634
0.0014821948
0.0014515817
0.0014214932
0.0013919403
0.0013630271
0.0013344669
0.0013065372
0.0012790953
0.0012520989
0.0012256405
0.0011996544
0.0011741165
0.0011490299
0.0011243833
0.001100186
0.0010763961
0.0010529849
0.0010300362
0.0010074867
9.853251E-4
9.635083E-4
9.4216946E-4
9.211286E-4
9.0046175E-4
8.8013837E-4
8.6019054E-4
8.405709E-4
8.2130486E-4
8.0236734E-4
7.837083E-4
7.654441E-4
7.4745907E-4
7.297822E-4
7.124469E-4
6.9531234E-4
6.785873E-4
6.6211226E-4
6.4587453E-4
6.299706E-4
6.143866E-4
5.9894833E-4
5.838559E-4
5.690259E-4
5.544535E-4
5.401093E-4
5.2606245E-4
5.122389E-4
4.986562E-4
4.8529578E-4
4.721841E-4
4.5931558E-4
4.4671114E-4
4.342865E-4
4.220632E-4
4.1011968E-4
3.9833828E-4
3.8686834E-4
3.7552623E-4
3.644103E-4
3.53514E-4
3.42873E-4
3.3219505E-4
3.219273E-4
3.1184292E-4
3.0192523E-4
2.9221803E-4
2.826919E-4
2.7334687E-4
2.6419532E-4
2.5524184E-4
2.4642664E-4
2.3780916E-4
2.294267E-4
2.2115112E-4
2.1309158E-4
2.0515724E-4
1.9745398E-4
1.8979974E-4
1.8241222E-4
1.7518812E-4
1.6806829E-4
1.6119849E-4
1.5443591E-4
1.4786716E-4
1.4142522E-4
1.3512709E-4
1.2904502E-4
1.2305936E-4
1.1723747E-4
1.11571804E-4
1.0607709E-4
1.00722915E-4
9.54985E-5
9.0443726E-5
8.5518055E-5
8.0808764E-5
7.612006E-5
7.164185E-5
6.729798E-5
6.3083215E-5
5.9053124E-5
5.5163247E-5
5.135705E-5
4.771199E-5
4.4222837E-5
4.0858544E-5
3.7613878E-5
3.4546363E-5
3.155893E-5
2.8778722E-5
2.6083822E-5
2.353143E-5
2.1102587E-5
1.8809716E-5
1.667112E-5
1.4643326E-5
1.273614E-5
1.10401015E-5
9.3953795E-6
7.892184E-6
6.5399945E-6
5.2757287E-6
4.192539E-6
3.256106E-6
2.4026938E-6
1.6780615E-6
1.0848239E-6
6.759313E-7
1.9611159E-7
5.2296425E-8
0.0
5.2296425E-8
1.9611159E-7
6.759313E-7
1.0848239E-6
1.6780615E-6
2.4026938E-6
3.256106E-6
4.192539E-6
5.2757287E-6
6.5399945E-6
7.892184E-6
9.3953795E-6
1.10401015E-5
1.273614E-5
1.4643326E-5
1.667112E-5
1.8809716E-5
2.1102587E-5
2.353143E-5
2.6083822E-5
2.8778722E-5
3.155893E-5
3.4546363E-5
3.7613878E-5
4.0858544E-5
4.4222837E-5
4.771199E-5
5.135705E-5
5.5163247E-5
5.9053124E-5
6.3083215E-5
6.729798E-5
7.164185E-5
7.612006E-5
8.0808764E-5
8.5518055E-5
9.0443726E-5
9.54985E-5
1.00722915E-4
1.0607709E-4
1.11571804E-4
1.1723747E-4
1.2305936E-4
1.2904502E-4
1.3512709E-4
1.4142522E-4
1.4786716E-4
1.5443591E-4
1.6119849E-4
1.6806829E-4
1.7518812E-4
1.8241222E-4
1.8979974E-4
1.9745398E-4
2.0515724E-4
2.1309158E-4
2.2115112E-4
2.294267E-4
2.3780916E-4
2.4642664E-4
2.5524184E-4
2.6419532E-4
2.7334687E-4
2.826919E-4
2.9221803E-4
3.0192523E-4
3.1184292E-4
3.219273E-4
3.3219505E-4
3.42873E-4
3.53514E-4
3.644103E-4
3.7552623E-4
3.8686834E-4
3.9833828E-4
4.1011968E-4
4.220632E-4
4.342865E-4
4.4671114E-4
4.5931558E-4
4.721841E-4
4.8529578E-4
4.986562E-4
5.122389E-4
5.2606245E-4
5.401093E-4
5.544535E-4
5.690259E-4
5.838559E-4
5.9894833E-4
6.143866E-4
6.299706E-4
6.4587453E-4
6.6211226E-4
6.785873E-4
6.9531234E-4
7.124469E-4
7.297822E-4
7.4745907E-4
7.654441E-4
7.837083E-4
8.0236734E-4
8.2130486E-4
8.405709E-4
8.6019054E-4
8.8013837E-4
9.0046175E-4
9.211286E-4
9.4216946E-4
9.635083E-4
9.853251E-4
0.0010074867
0.0010300362
0.0010529849
0.0010763961
0.001100186
0.0011243833
0.0011490299
0.0011741165
0.0011996544
0.0012256405
0.0012520989
0.0012790953
0.0013065372
0.0013344669
0.0013630271
0.0013919403
0.0014214932
0.0014515817
0.0014821948
0.0015134634
0.0015452835
0.001577689
0.0016106922
0.0016443575
0.0016786753
0.001713658
0.0017493053
0.0017856669
0.0018227575
0.0018605329
0.0018990753
0.0019384072
0.0019785191
0.002019448
0.0020612334
0.002103809
0.0021473255
0.0021917303
0.0022370655
0.002283374
0.002330639
0.00237893
0.0024282618
0.0024786768
0.0025301948
0.002582813
0.0026366625
0.0026916945
0.0027479485
0.0028055394
0.0028644048
0.002924636
0.002986326
0.0030494367
0.0031141047
0.0031802831
0.003248092
0.0033175666
0.0033887995
0.003461713
0.0035365708
0.0036133237
0.003692071
0.0037728564
0.00385586
0.0039410144
0.0040284963
0.0041183587
0.0042107045
0.004305706
0.0044033644
0.0045038396
0.0046072328
0.0047136843
0.004823345
0.0049362946
0.005052669
0.0051728035
0.005296654
0.0054245316
0.005556576
0.0056928424
0.005833858
0.005979619
0.006130451
0.0062866146
0.0064482144
0.006615868
0.006789671
0.0069700778
0.0071573933
0.0073520197
0.0075543937
0.007764974
0.007984349
0.008212967
0.008451414
0.008700423
0.008960546
0.009232748
0.009517742
0.009816459
0.01013003
0.010459251
0.010805712
0.011170582
0.011555437
0.011961875
0.012391788
0.01284738
0.013330868
0.013845021
0.014392824
0.014977441
0.015603169
0.016274288
0.016995942
0.017774314
0.018615542
0.019528897
0.020523429
0.0216107
0.022804692
0.024121346
0.025581773
0.02721087
0.029040167
0.031110039
0.033471085
0.036192045
0.03936355
0.04311039
0.04761012
0.053119328
0.06003435
0.0689893
0.081075326
0.09834791
0.12516662
0.17277165
0.28136668
0.7788912
1.0
0.31510115
