0.225619
0.315022
1
0.779214
0.281495
0.172898
0.125259
0.0984197
0.0811459
0.0690536
0.0600919
0.0531729
0.0476739
0.0431569
0.0394058
0.0362322
0.0335109
0.0311661
0.0290736
0.0272418
0.0256103
0.0241485
0.0228305
0.0216353
0.0205474
0.019551
0.0186537
0.0177943
0.0170144
0.0162926
0.0156206
0.0150155
0.0144087
0.0138602
0.0133456
0.0128615
0.0124055
0.0119752
0.011568
0.011183
0.0108241
0.0104715
0.0101409
0.00982696
0.00952772
0.00925128
0.00897086
0.00870964
0.00845998
0.00822118
0.00799238
0.00777297
0.00756192
0.00736014
0.00716776
0.00698295
0.0067963
0.00662191
0.00645468
0.00629778
0.00614097
0.00598558
0.00583956
0.00569784
0.00556136
0.00542922
0.00530126
0.00517717
0.00505743
0.00494607
0.00482706
0.00471717
0.00461064
0.00450783
0.00441267
0.00430927
0.00421377
0.00412073
0.00403125
0.00394365
0.00385855
0.00377539
0.00369319
0.003623
0.00353861
0.00346378
0.00339037
0.00331944
0.00325819
0.00318177
0.00311561
0.00305097
0.00298705
0.00292601
0.00286496
0.00280657
0.00274923
0.00269626
0.00263814
0.00258386
0.00253057
0.00247951
0.00243296
0.00238
0.00233167
0.00228377
0.00223731
0.00219218
0.00214735
0.00210469
0.00206173
0.00202138
0.00198232
0.00193841
0.00189898
0.00186084
0.00182555
0.00178894
0.0017501
0.00171349
0.00167822
0.00164385
0.00160981
0.00157875
0.00154468
0.00151244
0.00148531
0.00145068
0.00142069
0.00139096
0.00136239
0.0013373
0.00130652
0.00127871
0.00125117
0.00122426
0.00119876
0.00117382
0.00114839
0.00112336
0.00110431
0.00107313
0.00105179
0.00102818
0.00100669
0.000988865
0.000962969
0.000941652
0.000919493
0.000898706
0.000876394
0.000860641
0.000840011
0.000820555
0.000803214
0.000782815
0.000763761
0.000745939
0.000728523
0.000712095
0.000694255
0.000679173
0.000660609
0.000644331
0.00062698
0.000612935
0.000598759
0.000581623
0.000568416
0.000554932
0.000538277
0.000524224
0.000509641
0.000498145
0.000485971
0.000473695
0.000456825
0.000444392
0.000432364
0.000420251
0.000411752
0.000396152
0.000383298
0.000375908
0.000362343
0.00035182
0.000340873
0.000330695
0.000321519
0.000312825
0.000300695
0.000289511
0.000280707
0.000271069
0.000265686
0.000252765
0.00024558
0.000238704
0.000228066
0.000219547
0.000212318
0.000205369
0.00019858
0.000189285
0.000185092
0.000171266
0.000166276
0.000158952
0.000155366
0.000150179
0.000140647
0.000134393
0.000126772
0.000120713
0.000115317
0.000110847
0.000105768
9.82923e-05
0.000108942
8.91985e-05
8.47527e-05
7.90272e-05
7.51034e-05
8.50175e-05
6.71285e-05
6.18964e-05
5.95818e-05
5.40751e-05
4.92003e-05
4.86352e-05
4.40099e-05
4.16768e-05
7.39497e-05
3.50879e-05
3.04523e-05
2.78242e-05
2.50106e-05
6.17953e-05
2.11768e-05
1.97545e-05
1.92907e-05
1.6435e-05
1.70236e-05
1.61053e-05
1.96658e-05
3.34735e-05
0.00017499
9.82433e-05
1.23815e-05
6.14346e-06
1.71272e-05
0.000210913
5.66848e-05
1.2438e-05
5.76578e-06
1.03766e-06
0
1.88326e-06
5.14215e-06
1.16365e-05
5.64822e-05
0.000210625
1.4387e-05
7.09141e-06
1.23202e-05
9.8019e-05
0.000180105
3.18006e-05
1.92443e-05
1.64564e-05
1.49851e-05
1.57464e-05
1.89089e-05
1.98349e-05
2.12554e-05
6.2587e-05
3.09014e-05
2.75912e-05
3.01545e-05
3.52472e-05
7.50178e-05
4.26082e-05
4.48725e-05
4.77592e-05
4.97571e-05
5.41316e-05
5.98582e-05
6.23209e-05
6.74366e-05
8.47904e-05
7.52034e-05
7.93698e-05
8.33059e-05
8.74032e-05
0.00010979
9.8761e-05
0.000105169
0.000110833
0.000114525
0.000121546
0.000124552
0.00013464
0.000141167
0.000152124
0.000150513
0.00015887
0.000166361
0.000173062
0.000185417
0.000189547
0.000193374
0.000203263
0.000210799
0.000220149
0.000227536
0.00023869
0.000246071
0.000253768
0.00026594
0.000271592
0.000279543
0.00029048
0.000300763
0.000313106
0.000322462
0.000331077
0.000340826
0.000352118
0.000362761
0.000376089
0.000383707
0.000396958
0.000411643
0.00041884
0.000427471
0.000444321
0.000456767
0.000474335
0.000486303
0.000498223
0.000511628
0.000524702
0.000538823
0.000555691
0.000572816
0.000582266
0.000599533
0.000613004
0.000627871
0.000644101
0.000660692
0.000680131
0.000694553
0.000711981
0.000728634
0.000745176
0.000764188
0.000783393
0.00080307
0.00082019
0.000842133
0.000859558
0.000878255
0.000899544
0.000920073
0.000940725
0.000962695
0.000988515
0.00100738
0.00102857
0.00105031
0.00107501
0.00110433
0.00112342
0.0011485
0.00117332
0.00119789
0.00122392
0.00125145
0.00127813
0.00130561
0.00133649
0.00136159
0.00139056
0.00141974
0.00145014
0.00148526
0.00150963
0.00154479
0.00157752
0.00161141
0.00164323
0.00167822
0.00171347
0.00175145
0.00179067
0.00182509
0.00186132
0.00189886
0.00193953
0.00198376
0.00202055
0.00206313
0.00210518
0.00214799
0.00219093
0.00224036
0.00228353
0.00233014
0.0023812
0.00243327
0.00247869
0.0025318
0.00258335
0.00264074
0.00269621
0.00275
0.00280527
0.00286509
0.00292522
0.0029872
0.0030513
0.00311547
0.00318242
0.00325855
0.00332029
0.00338989
0.00346465
0.00353871
0.00362317
0.00368854
0.00377469
0.00385767
0.00394326
0.00403093
0.00412211
0.00421378
0.00431035
0.00441325
0.00450776
0.00461088
0.00471691
0.00482683
0.00494734
0.00505758
0.00517274
0.00530167
0.00542951
0.00555849
0.00569869
0.00584009
0.00598371
0.00614116
0.0062968
0.00645157
0.00662126
0.00679798
0.00698248
0.00716785
0.00736003
0.00756271
0.00777384
0.00799244
0.00821964
0.00846005
0.00871073
0.00897083
0.00925092
0.00952762
0.00982524
0.0101417
0.0104711
0.0108243
0.011183
0.0115696
0.011975
0.0124064
0.0128622
0.0133454
0.0138604
0.0144087
0.0150151
0.015621
0.0162939
0.017014
0.017795
0.0186451
0.0195506
0.0205481
0.0216355
0.0228314
0.024148
0.0256095
0.0272419
0.029074
0.0311666
0.0335094
0.0362318
0.0394056
0.043158
0.0476752
0.0531803
0.0600903
0.0690536
0.0811464
0.0984194
0.125262
0.1729
0.281494
0.779213
1
0.315023
